ID,Mouth,Nasal,Skin,Stool
ID_AMSOXU,0.98446023,0.00052648335,0.014590679,0.00042256195
ID_AGKIYB,0.000109800676,3.937234e-05,0.9998163,3.4437675e-05
ID_AOQGWN,0.00089116406,0.00015656152,0.9987693,0.0001831116
ID_ASNCNV,0.0009139494,0.00010801693,0.99888384,9.422889e-05
ID_AVMUKC,0.007736668,0.0003558571,0.9915575,0.00035001844
ID_AJGVTS,0.99896795,0.00013800537,0.0007825519,0.00011148964
ID_ARGCHE,5.1477582e-05,0.99947965,0.00014064574,0.00032819613
ID_ANSGID,0.0019102215,0.00011595465,0.9978725,0.000101346195
ID_AKDVQI,9.051299e-05,0.9990448,0.00015045755,0.00071430195
ID_ABHFUP,6.745073e-05,0.999483,9.553941e-05,0.00035402845
ID_ARCTEP,4.9545564e-05,0.9995329,9.485858e-05,0.0003227542
ID_ALHTER,0.00010483089,0.0076170876,0.00013188882,0.9921462
ID_AVZMAJ,5.17073e-05,0.99941194,8.624425e-05,0.00045015872
ID_AWDNCQ,5.6578476e-05,0.9995456,8.604904e-05,0.00031187973
ID_ATFRKF,0.00064326293,0.97132045,0.00093225343,0.027104104
ID_ADBLNY,5.1558716e-05,0.9996033,8.164243e-05,0.00026357963
ID_AJCBOB,0.00021278384,0.0024992656,0.00027746797,0.9970104
ID_BBHQDM,4.3558826e-05,3.972234e-05,0.9998814,3.533408e-05
ID_AGHEZK,0.98859155,0.0016252503,0.00837714,0.001405931
ID_AKIAKB,8.8104454e-05,0.0012103118,0.00013637563,0.9985652
ID_AMUYDZ,5.028624e-05,0.9994608,8.271586e-05,0.0004061795
ID_AUPWYI,5.7296675e-05,0.0003261842,7.935237e-05,0.9995371
ID_BCGAMY,0.0061395755,0.000822785,0.99262416,0.00041348138
ID_AIQHUX,9.0393754e-05,0.0011182745,0.000117047224,0.9986742
ID_BBZYDO,0.00029106362,0.00011092126,0.99949855,9.94098e-05
ID_AJKHOU,5.785528e-05,0.9995505,8.4228275e-05,0.00030739052
ID_BAFNRW,8.248758e-05,0.0009909921,0.00014835427,0.99877816
ID_AWHBEB,7.463775e-05,0.0011301672,8.4101135e-05,0.9987111
ID_AIVFAZ,7.098861e-05,0.0011049412,8.350722e-05,0.9987405
ID_AWINYS,8.0189515e-05,0.00060985883,0.0001083693,0.9992015
ID_BMMBCB,0.005344059,0.00026720267,0.99415475,0.00023402154
ID_BGAGEX,0.00065857207,0.00011439837,0.9990889,0.00013817778
ID_AKWSZD,0.00017139391,0.0014876756,0.00023558468,0.9981052
ID_BEHPUD,5.078754e-05,0.0003819933,6.921465e-05,0.99949807
ID_AWUOPA,5.5585908e-05,0.99950266,9.466549e-05,0.0003471101
ID_AYUWST,6.995585e-05,0.0005401766,8.977481e-05,0.9993001
ID_BMLXGW,0.000104718005,7.087918e-05,0.9997612,6.3153275e-05
ID_BNPBKM,0.000103760554,3.7635455e-05,0.9998247,3.389887e-05
ID_BGXBIY,6.355957e-05,0.0005863365,9.827062e-05,0.99925184
ID_AQDZLZ,6.733398e-05,0.9989254,9.4286246e-05,0.0009129086
ID_AFBBWK,0.9995054,7.901312e-05,0.00034637432,6.920106e-05
ID_BMTDZO,6.254179e-05,0.99948263,0.00010344696,0.0003513454
ID_BIZXXH,5.1587896e-05,0.9992243,0.00014523769,0.0005789796
ID_BRXQMI,0.00067916134,0.00016602509,0.9989964,0.00015843034
ID_BSUSJN,0.9977724,0.00037010066,0.0015621358,0.0002953938
ID_BGXNSA,7.51765e-05,0.0004328036,9.4219045e-05,0.9993979
ID_BNZPZI,4.8944326e-05,0.9995774,7.7025776e-05,0.00029659807
ID_BSKTJR,5.7855963e-05,0.9994637,8.4508436e-05,0.0003939857
ID_BMOTBZ,0.9992286,9.6470474e-05,0.00059658324,7.835166e-05
ID_BBHZGN,0.99770975,0.00014517855,0.00201721,0.00012783523
ID_BPZJQD,8.295817e-05,0.0014101082,9.211378e-05,0.9984149
ID_BTYEBT,8.2919585e-05,0.00309655,0.00013713352,0.9966833
ID_BXBUWW,0.0009987168,8.359384e-05,0.9988473,7.038871e-05
ID_BLOYRU,0.00032173586,6.2662126e-05,0.99956095,5.4706412e-05
ID_BGUKXP,4.941067e-05,0.999492,9.0118134e-05,0.00036849343
ID_BTVXGK,0.00010672852,0.0010206748,0.00014074,0.9987318
ID_AUUTWM,0.00030595303,0.000104157254,0.99949664,9.327601e-05
ID_BRQVGL,0.0017796295,0.00012273205,0.9979863,0.000111334455
ID_ALGOGQ,0.00012912847,6.3291416e-05,0.99974996,5.7696743e-05
ID_AFAEMB,0.91595757,0.0077871,0.06949359,0.006761788
ID_BWUYYP,0.9990841,0.00010510292,0.0007249838,8.574103e-05
ID_BYCFRG,0.00012345094,0.00074231206,0.00015733806,0.9989769
ID_BSFZJR,9.991535e-05,0.99861556,0.00015250364,0.0011319967
ID_BNMXEV,0.00030544796,6.869022e-05,0.9995642,6.1695944e-05
ID_BWNYHM,9.8264056e-05,0.00054151413,0.00011738025,0.9992429
ID_BXLGGU,0.00020019039,9.965745e-05,0.9996087,9.1439564e-05
ID_BXGPNO,0.981033,0.0003891081,0.018247059,0.00033075296
ID_CDWNJE,0.0030979507,0.00023502999,0.99645174,0.00021524203
ID_BIVMAZ,0.9990696,9.6615e-05,0.00075534213,7.852081e-05
ID_BZUXXM,6.8278445e-05,0.0005125345,7.501745e-05,0.99934417
ID_BYAFED,0.9918996,0.00035322117,0.0074525117,0.0002946508
ID_BZSGLQ,0.99815655,0.00011401635,0.0016305717,9.882085e-05
ID_BYTEUW,0.00015861896,0.9922773,0.00026930255,0.0072946595
ID_BGAQPG,0.0015259981,0.00048454906,0.9976984,0.00029106828
ID_CAMNHK,6.6192944e-05,0.9994768,0.00011829696,0.00033864524
ID_BZILSP,4.7926784e-05,0.9995085,7.833585e-05,0.0003652466
ID_CHLUGJ,0.0012096515,0.00014182678,0.9985258,0.00012270291
ID_BSCLTL,0.99858254,9.9464945e-05,0.0012308558,8.719743e-05
ID_CFTZNA,7.129209e-05,0.0006526645,9.70096e-05,0.99917907
ID_CIQIKP,0.00012120826,0.0007786638,0.00016447104,0.9989356
ID_CFQAKO,5.6282548e-05,0.0004648383,6.495029e-05,0.99941397
ID_BFHWMT,0.9993246,0.00010191333,0.00048472203,8.869778e-05
ID_BFALNR,0.93868387,0.0040755626,0.053743314,0.0034972106
ID_CMJWBS,0.00661354,0.0003375565,0.99278337,0.00026558718
ID_BYYXZS,0.00019673456,9.613477e-05,0.99961054,9.6665426e-05
ID_BUTTHJ,0.00030712734,5.9026555e-05,0.9995799,5.3935946e-05
ID_CFUAPP,9.604765e-05,0.0005705569,0.00012394751,0.9992095
ID_CKZWMZ,0.9988263,9.188797e-05,0.0010013339,8.0461636e-05
ID_CKYLDD,0.00039900598,0.010449308,0.00045101956,0.9887007
ID_CEPPVK,0.99800843,0.00023033677,0.0015721439,0.00018910409
ID_BZYPZI,7.559337e-05,0.0004255367,0.000103785525,0.9993951
ID_CHVVYY,5.233747e-05,0.0003231399,6.279668e-05,0.99956167
ID_CGQXZL,4.890731e-05,0.99941146,8.994965e-05,0.00044968427
ID_CMCJKR,5.7935347e-05,0.00034045725,7.551422e-05,0.999526
ID_CIVPPF,5.004498e-05,0.9994923,8.305656e-05,0.00037461502
ID_CCCVPZ,5.445903e-05,0.99957293,9.829169e-05,0.00027420596
ID_CPQIGO,0.00064779574,7.528456e-05,0.9992107,6.622785e-05
ID_AYRSVB,0.99906576,0.00014557164,0.0006623215,0.0001263279
ID_CNVJTD,0.00012417427,0.0007418583,0.0001513965,0.9989826
ID_CIZFBU,6.7989764e-05,0.0005959653,9.813441e-05,0.9992379
ID_CTBHHY,0.0010135022,0.00016775835,0.9986736,0.00014512983
ID_CMYHXL,0.000263218,7.442158e-05,0.9995971,6.530483e-05
ID_CNJEMU,7.900024e-05,0.9993696,0.00010298212,0.0004484809
ID_CHLDYV,4.585204e-05,0.9996494,9.51852e-05,0.00020956334
ID_CTHPWQ,5.6544133e-05,0.00037405058,7.0723516e-05,0.9994987
ID_CAFLUD,0.9977757,0.00018161365,0.0018850395,0.00015773143
ID_CURUPB,6.222e-05,0.99952066,0.000100342615,0.0003167561
ID_CRRLME,0.0001283023,0.0036018956,0.00017588066,0.9960939
ID_CRIKEW,6.943844e-05,0.0018995054,9.806055e-05,0.9979329
ID_CZUTBP,0.0026014918,0.0001439601,0.9971339,0.00012058648
ID_CQPBJZ,0.99891853,0.00011302657,0.0008764037,9.2052636e-05
ID_CPWFIE,0.00044138698,0.8797411,0.0006674883,0.11914997
ID_BWVHUF,0.99772024,0.00014562556,0.002014035,0.00012004618
ID_CYRXBM,5.468576e-05,0.9990033,0.00014388567,0.0007980789
ID_CURZNU,0.999591,6.053615e-05,0.00029656276,5.1904964e-05
ID_DDCLES,0.0008099653,0.00013368091,0.9989433,0.00011304421
ID_CXYITK,9.754778e-05,5.9285823e-05,0.9997901,5.308956e-05
ID_CXKMII,5.868224e-05,0.00037234055,6.7719e-05,0.9995012
ID_CWNXOC,6.708723e-05,0.0005853421,7.1604074e-05,0.999276
ID_DEACVT,0.0004456307,0.019386634,0.0008382512,0.9793296
ID_CNYSMN,5.953266e-05,0.00045072433,8.085602e-05,0.99940884
ID_DEFZNC,0.00066096254,0.00019710806,0.99893284,0.00020904365
ID_DFXCET,0.00047100824,0.00018431465,0.9991822,0.00016244967
ID_CCNTTA,0.00015954029,0.0009850806,0.00027591042,0.9985795
ID_DGMYWY,0.0014246749,0.00014395933,0.99830467,0.00012674436
ID_DCYZXZ,0.00022557021,5.8892783e-05,0.99966323,5.2216747e-05
ID_DHGWGW,0.00085215474,0.00014856743,0.9988672,0.00013207123
ID_BQALZS,0.95842665,0.000406622,0.0408056,0.0003610562
ID_DGIHFW,5.3227363e-05,0.999262,0.00014501772,0.00053973583
ID_CVBFDK,6.3868356e-05,0.000573659,8.488719e-05,0.9992776
ID_DHEWQO,0.00013602801,0.0014031183,0.00022687395,0.998234
ID_DBPGZB,0.0005880315,0.00014522816,0.9991373,0.0001294757
ID_COAYXA,6.8149704e-05,0.99884164,0.000116319745,0.0009738443
ID_DIHNQA,0.000104459956,6.0060418e-05,0.9997822,5.3359778e-05
ID_CZJPWJ,8.16651e-05,0.002186503,0.00012386001,0.997608
ID_DCMDEF,4.8015034e-05,0.99950826,8.322061e-05,0.00036042166
ID_CYIBFB,0.00034422433,0.00010944874,0.99945,9.631783e-05
ID_DLHWNC,0.00012465632,0.00089764706,0.00019848363,0.9987792
ID_CRUQTU,0.00030418608,0.00018401552,0.9994011,0.00011075153
ID_DLQHZF,9.39638e-05,0.0011965256,0.00010517333,0.9986044
ID_DQYBXD,0.99810284,0.0001389297,0.001637903,0.00012033612
ID_DQRJKX,7.550666e-05,0.0033188239,0.000104658786,0.9965011
ID_BUHWGN,0.9952553,0.00033316299,0.0041416786,0.00026995305
ID_DQGGYD,5.595832e-05,0.9995202,8.840472e-05,0.00033549365
ID_DRCHAK,6.0226314e-05,0.0008541091,7.792928e-05,0.9990078
ID_DVNEFD,0.0071119578,0.00022488441,0.99246645,0.0001967103
ID_DHZVMF,7.0488284e-05,0.9989926,0.00012920499,0.00080766465
ID_DJFCZY,0.00013504295,0.0055700624,0.00022741644,0.9940675
ID_DSPHUD,5.4790347e-05,0.99945366,8.3559746e-05,0.0004080593
ID_CIGUQR,0.99940646,7.821935e-05,0.00044740323,6.80002e-05
ID_DTOEMP,0.00021017117,6.379824e-05,0.9996702,5.5848002e-05
ID_DQSPHV,0.00026321821,0.0024543465,0.00030151143,0.99698085
ID_DYYGRW,0.00020990102,9.393912e-05,0.99961364,8.251756e-05
ID_DUQOMR,5.76001e-05,0.9995831,8.342905e-05,0.00027579808
ID_DSBIZA,5.2190688e-05,0.00029207737,7.1703755e-05,0.999584
ID_DYXRFB,0.0006748381,0.00014162553,0.9990288,0.00015470099
ID_DZYFXF,6.775577e-05,0.99937886,0.000111380636,0.0004419797
ID_DZAKRS,6.7511886e-05,0.9990877,0.000114625625,0.00073016563
ID_DPYKSG,0.00064370607,9.6426455e-05,0.9991751,8.477336e-05
ID_CMXVYQ,0.99476737,0.00023480349,0.0048065423,0.00019136217
ID_DVPYOJ,5.1064424e-05,0.9994683,7.898657e-05,0.00040161243
ID_CXKXTY,0.9901624,0.0017466105,0.0065790676,0.0015119363
ID_EAPNYZ,0.0007563562,8.540503e-05,0.99908227,7.593455e-05
ID_DMOSUZ,0.00021048643,3.7652895e-05,0.999719,3.279468e-05
ID_EBRDMD,0.0017256817,0.00015916149,0.99797344,0.00014168261
ID_DPIERJ,0.99903125,9.478687e-05,0.0007912703,8.265982e-05
ID_EAPIEV,5.9818987e-05,0.000358718,8.3104445e-05,0.99949837
ID_DZKIUK,5.141432e-05,0.99951744,7.903972e-05,0.0003520753
ID_ECKILA,5.5984856e-05,0.00049954146,7.34794e-05,0.99937093
ID_ECPNHL,0.99878895,0.00012319675,0.0009801178,0.00010781275
ID_EGCJWN,0.00014653566,5.8439153e-05,0.9997452,4.9853814e-05
ID_EFKZYN,0.00013006786,0.0010088361,0.000163,0.9986981
ID_EDUVCV,0.0007915767,0.00022455289,0.9987396,0.00024426472
ID_DESNNL,0.0002147466,8.823213e-05,0.9996189,7.818666e-05
ID_DKLXBK,0.00059109024,0.00010986449,0.9992008,9.822387e-05
ID_EGRLRM,5.1315576e-05,0.99950063,8.093287e-05,0.00036713306
ID_EFRAIW,6.476922e-05,3.2696495e-05,0.99987334,2.918882e-05
ID_DZCDNY,0.9995844,8.177204e-05,0.0002679544,6.5897795e-05
ID_EHBSHA,0.0001830815,0.0067995833,0.00027786873,0.9927395
ID_DDERSC,0.9992062,0.00010874146,0.0005967638,8.836772e-05
ID_EANLQD,0.00012934665,4.587283e-05,0.9997842,4.0574723e-05
ID_DCSXUC,0.9995651,6.75565e-05,0.0003090095,5.8260972e-05
ID_EBELWC,5.9992723e-05,0.99885094,0.00020072682,0.0008883335
ID_EBAFVX,0.9993638,7.0602735e-05,0.0005032241,6.2389714e-05
ID_EJROPO,0.99877816,0.000109956854,0.0010221199,8.9800174e-05
ID_AYOAPD,0.998546,0.00016716031,0.0011520265,0.00013482002
ID_EJRTGT,0.0006263002,0.00012489289,0.9991315,0.0001173157
ID_EJUYIB,4.516833e-05,0.9996692,7.581397e-05,0.00020984214
ID_DAKOMQ,0.9887806,0.00042089098,0.010431873,0.0003666159
ID_ENOODO,0.9987238,0.00016158997,0.0009854004,0.00012924892
ID_DDGNIM,0.9985121,0.00010700304,0.0012880882,9.276297e-05
ID_CJIVXL,3.684621e-05,3.782089e-05,0.99989116,3.41342e-05
ID_ELCGSP,4.7009886e-05,0.99951255,7.6745084e-05,0.00036363304
ID_EKTTWX,0.0004517395,0.016843088,0.0005299718,0.98217523
ID_ELWLMP,6.2427105e-05,0.0004340658,8.7189386e-05,0.99941635
ID_ERUQTZ,0.00090857706,0.00017325755,0.9987637,0.00015449894
ID_ESOHQM,6.1833474e-05,7.52427e-05,0.9998029,6.0139853e-05
ID_EJXDZM,0.99892455,0.00011125485,0.000874714,8.948251e-05
ID_EGSYYO,6.203558e-05,0.9993736,0.000116167495,0.00044812524
ID_EMAJOW,0.00038336287,6.822399e-05,0.9994875,6.0912706e-05
ID_EWAEEB,0.0001151733,5.6917663e-05,0.99977714,5.074368e-05
ID_ELMXSH,0.00018928347,4.8156875e-05,0.99971974,4.2816195e-05
ID_ESCLBF,0.00010381984,0.00093574653,0.00011104654,0.9988493
ID_EKMJZC,8.082295e-05,0.99930924,0.00011911346,0.0004908059
ID_ENGLHB,0.00015407085,0.001948474,0.00027256846,0.997625
ID_ENHCCD,8.230627e-05,0.99919415,9.758992e-05,0.0006260184
ID_EDWVNO,0.00012214972,5.688003e-05,0.9997711,4.9912604e-05
ID_EWYNGD,0.0018348641,0.00016804368,0.9978446,0.00015247145
ID_ERGQHM,0.9481198,0.0009836582,0.050013877,0.0008827052
ID_EUHSAJ,7.7598204e-05,0.99936235,9.453076e-05,0.00046552415
ID_EXIPCZ,5.128964e-05,0.99933064,8.606726e-05,0.00053213123
ID_FBVDCV,0.8158218,0.002188013,0.1801786,0.0018114863
ID_EWXVSN,6.1244195e-05,0.00047198133,9.617932e-05,0.9993706
ID_EOMOBF,6.952391e-05,0.00078683684,0.0001146163,0.99902904
ID_EFHUUR,0.9989899,8.443755e-05,0.0008569526,6.875325e-05
ID_EJEHKC,0.9991724,8.898716e-05,0.0006665218,7.212606e-05
ID_EYVEPQ,6.399046e-05,0.00041785586,8.632932e-05,0.9994317
ID_EYRGGZ,4.598438e-05,0.9996603,7.26709e-05,0.00022100013
ID_FDJQKW,6.889967e-05,0.0006192813,0.00011124562,0.9992005
ID_DRBNSZ,0.0036527566,0.00034835556,0.99568045,0.0003185041
ID_FGBIVM,6.2751606e-05,0.9995286,0.00010160609,0.0003071037
ID_FKSASE,0.00020713938,7.2743176e-05,0.999657,6.306754e-05
ID_FKCFBO,0.00022837947,6.470343e-05,0.9996502,5.6723027e-05
ID_EWZCIA,5.6446625e-05,0.00040310598,6.686305e-05,0.9994736
ID_EZJDLE,0.00051957404,0.0057833754,0.000798924,0.99289817
ID_FAMGIP,5.029144e-05,0.9993415,8.1600905e-05,0.00052655034
ID_FGIJSX,7.065195e-05,0.9994558,0.000105080355,0.00036846643
ID_DZTHPW,0.9947051,0.00026830603,0.0047923317,0.00023420955
ID_FNIOOK,0.99579,0.00043540954,0.0034201525,0.00035446312
ID_FOVLQW,0.0001542964,5.754193e-05,0.99973726,5.0872884e-05
ID_EZTVQT,0.99946964,7.358444e-05,0.00039177932,6.5009e-05
ID_EVQEWK,0.9995047,8.045145e-05,0.00034877306,6.603268e-05
ID_FHKIGB,0.9950784,0.00019273789,0.004559825,0.0001689951
ID_FSYFIA,7.312386e-05,0.99919164,0.00011931183,0.0006158829
ID_FRMCKJ,0.00024015989,9.397384e-05,0.9995824,8.343766e-05
ID_EXBCAT,5.2698073e-05,0.00045131095,7.206516e-05,0.999424
ID_FSVRAD,6.017356e-05,0.00040722737,6.963777e-05,0.9994629
ID_FQEEFC,9.680172e-05,0.0010329799,0.00016867538,0.99870145
ID_FNCBDC,7.736047e-05,0.00072402915,8.559015e-05,0.99911296
ID_EWLDSP,6.678295e-05,0.0003826897,9.579758e-05,0.9994548
ID_FQMGPK,6.0584913e-05,0.9995121,9.264763e-05,0.0003346565
ID_FNMLKG,0.9996141,7.065638e-05,0.00025820214,5.7110174e-05
ID_FLPTMS,0.9993593,7.494465e-05,0.00050512725,6.061195e-05
ID_GBCCNJ,0.0021152468,0.00020797602,0.9974928,0.00018397464
ID_FSTZWF,5.4017866e-05,0.9994012,8.93308e-05,0.00045537407
ID_GDAVXE,0.00020000641,0.00010937111,0.9995944,9.617416e-05
ID_FUMEPV,5.8583573e-05,0.99952424,9.2135284e-05,0.00032511685
ID_GAQOSA,5.358163e-05,0.00032213842,7.715319e-05,0.9995471
ID_GCQNBX,7.358358e-05,0.99930966,0.00013198343,0.00048471405
ID_FRTXEK,0.99713695,0.0002216686,0.0024599868,0.00018137138
ID_EUOCRC,0.9899082,0.00164788,0.0071065524,0.0013373997
ID_EBWXAG,0.000109554516,5.0587656e-05,0.9997938,4.5961555e-05
ID_FJZWNX,8.4842635e-05,0.0009562742,0.00010553268,0.9988534
ID_FXILGC,4.6803274e-05,0.9996311,7.439517e-05,0.00024757866
ID_FHIWZA,8.490178e-05,0.00057792745,0.00012509336,0.9992121
ID_GLDSLL,0.00018142801,7.4510834e-05,0.9996786,6.5506356e-05
ID_GMAGLB,0.00096665026,0.00012871463,0.9987923,0.000112429865
ID_EAWZFF,8.778357e-05,5.1973235e-05,0.99981296,4.7320173e-05
ID_FYCAFU,4.583841e-05,0.99959004,8.062772e-05,0.00028362795
ID_GIUONV,0.002157369,0.00018294409,0.9974942,0.00016544023
ID_GEIAET,5.9374812e-05,3.2691656e-05,0.99987876,2.9177429e-05
ID_GJDSLM,0.997681,0.00017734308,0.001989945,0.00015168727
ID_GITYQY,5.2551895e-05,0.99959785,8.913905e-05,0.0002604506
ID_GLCXOZ,0.0145651745,0.00053889275,0.98416454,0.0007313953
ID_FWTBNG,0.00014793522,6.281019e-05,0.99973357,5.5679586e-05
ID_DEHZSK,0.9971715,0.00013973497,0.0025750787,0.00011365488
ID_GTODPC,0.0010744756,0.00016849174,0.9986084,0.00014869445
ID_GKGCDS,0.00020587754,0.0019829918,0.00025421107,0.997557
ID_FVXHYB,0.9971881,0.00026753114,0.0023270599,0.00021736094
ID_GUQQOZ,0.0006090231,0.00014243563,0.99907625,0.00017234181
ID_GSFJFC,0.0007916178,0.06317319,0.0012508177,0.9347844
ID_GVZZFW,0.0002572132,8.0866295e-05,0.9995904,7.152099e-05
ID_GGUPKG,0.9980748,0.00017049165,0.0016152061,0.0001394601
ID_GPUNWD,6.542681e-05,0.9992921,0.000103514976,0.000539022
ID_EUMUND,0.0006462988,0.00017761112,0.99901724,0.00015895639
ID_FYMQCV,0.9988562,0.00014873644,0.0008668227,0.00012825569
ID_GVPQXB,5.775314e-05,0.00039207918,7.9664096e-05,0.99947053
ID_GWJDGL,0.00031212994,9.693484e-05,0.9995077,8.325381e-05
ID_FVYNDH,0.00026417355,0.007760156,0.00035305927,0.99162257
ID_HCHMLH,4.9704693e-05,0.9995159,7.91156e-05,0.0003552215
ID_GUYLSW,0.00019378481,5.4664815e-05,0.9997036,4.7935257e-05
ID_GZVBSJ,6.143964e-05,0.9989046,0.0001692258,0.0008647245
ID_EHJZYV,0.9944164,0.00025729608,0.0051021897,0.00022404242
ID_GKKZPM,6.130102e-05,0.9988276,0.000119118704,0.0009920357
ID_GSOESB,5.6990866e-05,0.00041866262,9.5993644e-05,0.9994284
ID_GDNXCQ,0.99736154,0.00027537363,0.0021200292,0.00024308931
ID_GXSXOM,0.00027467168,0.0092944745,0.0002878449,0.990143
ID_GUEYOJ,6.302998e-05,0.00040209712,9.91058e-05,0.9994357
ID_GXGVNB,0.00013845059,0.0059667346,0.00023719794,0.9936577
ID_HFFTBQ,5.702115e-05,0.0003684716,7.672396e-05,0.9994978
ID_GRTEMJ,5.677343e-05,0.99893224,0.00018891333,0.00082205917
ID_HCITXL,8.2884464e-05,0.999143,0.00012025854,0.00065389526
ID_HGLFGL,6.731127e-05,0.0004719814,7.7280485e-05,0.99938345
ID_GNHNVJ,0.99649966,0.00012328086,0.0032680663,0.00010905322
ID_GOKJUH,0.9975702,0.00021684659,0.0020245598,0.00018837964
ID_HITNRL,0.00012639117,0.00017956899,0.99959314,0.000100867925
ID_HGWDFO,0.0004408275,0.00013116973,0.9992957,0.00013233989
ID_HJNVPV,0.99762267,0.00030699937,0.0017942905,0.00027594552
ID_EWBQCC,0.995897,0.00024451452,0.0036600218,0.00019850372
ID_HIJDMN,4.9313872e-05,0.9996012,8.6636246e-05,0.00026293955
ID_HJFWMV,0.0003390427,0.000112504305,0.9994494,9.912072e-05
ID_EFLZAC,0.00016214045,6.2253195e-05,0.99971855,5.6974863e-05
ID_HDJRBM,7.417645e-05,0.999407,0.000116280586,0.0004025451
ID_GMYKDR,0.99959433,6.25803e-05,0.0002903762,5.2711905e-05
ID_HLDEDL,7.342957e-05,0.0005607855,0.00010937671,0.99925643
ID_HGAKXN,6.489821e-05,0.9994459,0.00011092983,0.00037816417
ID_GPZVGY,0.00071182754,7.40821e-05,0.99914944,6.472663e-05
ID_HECJPL,6.457928e-05,0.0004820646,0.00011301299,0.99934036
ID_HHQNRS,0.00049904315,0.00010773471,0.9992981,9.5080366e-05
ID_HGSQFS,6.5863176e-05,0.0004291331,7.616366e-05,0.99942875
ID_HJGLOZ,0.0013778777,0.95583,0.002135234,0.040656954
ID_HRVNSM,4.9077622e-05,0.99962103,9.225244e-05,0.00023763061
ID_HMXDQX,7.2585324e-05,0.00041558035,0.00011494024,0.9993968
ID_HGCFTR,5.206868e-05,0.9991598,0.00015939045,0.00062868616
ID_FTAXBU,0.9979507,0.00013978686,0.0017893563,0.00012019265
ID_HEJUMM,8.954912e-05,0.0007666399,0.00011701202,0.9990268
ID_HHJOJF,0.00015910999,0.00011114097,0.9996182,0.000111668196
ID_HWYATC,7.176787e-05,0.9993712,0.00010986248,0.00044725277
ID_HPVLUO,5.3929096e-05,0.0003149124,7.289824e-05,0.99955827
ID_HQMIJT,6.524335e-05,0.99939424,0.00010984463,0.00043070727
ID_HSUKYJ,7.461903e-05,0.9989807,0.00012487656,0.0008197788
ID_HWKIFI,0.0005380277,0.99080455,0.0006802607,0.0079772035
ID_HTVJNB,4.6018868e-05,0.9996439,8.186947e-05,0.00022814682
ID_HEYXJI,0.9969115,0.0002908968,0.002543519,0.0002540056
ID_HZITJP,5.216982e-05,0.99922544,0.00013825338,0.000584095
ID_IAUNPQ,0.00017623391,6.9223155e-05,0.9996928,6.165316e-05
ID_HMTIMT,0.9989727,8.244395e-05,0.0008742854,7.0591e-05
ID_IBODDC,0.0005875283,0.0001539697,0.9991399,0.000118726995
ID_HJRWRC,6.279563e-05,0.00095802016,9.028889e-05,0.99888897
ID_HVISJK,5.461239e-05,0.00033454984,7.489721e-05,0.9995359
ID_IBKNZU,5.906566e-05,0.99952734,9.038775e-05,0.00032309748
ID_IADKDN,5.3594587e-05,0.00031617432,6.387777e-05,0.9995664
ID_GLLBKQ,0.99893904,0.00011083354,0.0008537116,9.6391086e-05
ID_IBNEAO,0.00021305685,0.0014245635,0.0003062272,0.9980561
ID_HTVKWC,0.00026648148,0.0072008283,0.0003715513,0.99216115
ID_IGDVEU,0.00102845,0.00027482395,0.99845475,0.00024198713
ID_IEMAVT,0.0027682746,0.00019519648,0.9968637,0.00017275054
ID_HYTXHX,5.7182682e-05,0.0003876944,9.039756e-05,0.9994647
ID_IAYUXL,4.941526e-05,0.9994011,0.000103659055,0.0004458508
ID_IEOLLX,0.9949377,0.00027221837,0.0045482693,0.00024181088
ID_IBCCFS,8.794298e-05,0.00074010424,0.00012681737,0.9990452
ID_IDVKOX,0.00016325066,4.7370548e-05,0.9997471,4.2399537e-05
ID_IMWLHD,0.00016163109,5.6991215e-05,0.99973214,4.9208284e-05
ID_IKVUWD,0.9985862,0.00010698607,0.0012144626,9.2447146e-05
ID_HXCRPH,0.0001684746,6.0171635e-05,0.9997179,5.3384807e-05
ID_GOLPVM,0.9981476,0.00010426864,0.0016572669,9.085647e-05
ID_IMSZXP,4.5566594e-05,0.99967384,7.30068e-05,0.00020753208
ID_HAGLMG,0.9994358,7.6963406e-05,0.00042009578,6.718689e-05
ID_HMFMLT,0.99832886,0.00013467106,0.0014176555,0.00011880362
ID_IPNWJS,8.607092e-05,3.6338584e-05,0.9998454,3.207828e-05
ID_IQGRGJ,5.1721145e-05,0.9992321,0.00012910827,0.00058714626
ID_INTDEO,0.99541426,0.00018683629,0.0042362954,0.00016255052
ID_IRWALG,0.00013243555,4.6830195e-05,0.99978054,4.017516e-05
ID_HQJZSF,7.850211e-05,0.0006508741,0.0001345835,0.9991361
ID_HUFMBH,0.00016972449,8.2984494e-05,0.99967325,7.404211e-05
ID_IPIIVK,6.379977e-05,0.00039756065,0.00010252624,0.9994361
ID_IKMAKG,6.390159e-05,0.9988723,0.00012558975,0.00093825127
ID_IBDNAG,0.00057816424,7.25901e-05,0.999283,6.624054e-05
ID_IQUWWF,6.9070054e-05,0.00038497773,7.944084e-05,0.99946654
ID_IIAVBJ,0.991741,0.00028081564,0.007750848,0.00022734115
ID_ISGTTF,0.00015245021,0.0009890336,0.00016496451,0.9986936
ID_IEHNEU,0.00030147986,0.00010902211,0.99948776,0.00010172145
ID_IWZSCD,0.0006516761,0.0002307361,0.9989154,0.00020221136
ID_ITKBYB,0.99837905,0.00015046287,0.0013371538,0.00013323179
ID_IVTLDU,5.6961435e-05,0.99924374,8.836428e-05,0.0006108924
ID_IVAWBE,5.28907e-05,0.9994321,7.488064e-05,0.00044012434
ID_IQCHWD,0.00010055203,6.516346e-05,0.9997756,5.866858e-05
ID_HLUGGK,0.99893796,0.00011122793,0.00086031307,9.0446236e-05
ID_JAVLTI,0.00047991378,0.00013310311,0.9992693,0.00011770734
ID_JCPCLB,0.99525225,0.0002592486,0.0042669433,0.00022153076
ID_IRJAOX,5.1073344e-05,0.99941885,8.18096e-05,0.00044839148
ID_IPUTNF,5.846455e-05,0.0004911559,8.0844664e-05,0.99936944
ID_IZGKUA,0.00015125124,0.0021964272,0.0001941402,0.99745816
ID_JECZIE,0.00019863903,8.110839e-05,0.9996503,6.995739e-05
ID_IXKYFH,7.482855e-05,0.9985925,0.000107930995,0.0012247983
ID_IZTUIX,0.9964918,0.00020663164,0.0031318148,0.00016971704
ID_HFCFFD,0.9984595,0.00010338625,0.0013468135,9.025793e-05
ID_JDEOCS,4.9200615e-05,4.2574866e-05,0.9998695,3.8710416e-05
ID_JIVAMT,0.00018820164,0.00013461406,0.99955624,0.000120880584
ID_IYZNTX,4.6185763e-05,0.9996384,7.730425e-05,0.00023807837
ID_JKVAAC,0.0002813811,8.8562796e-05,0.9995535,7.652062e-05
ID_JDCHUI,0.98097926,0.0003420978,0.018005954,0.0006726446
ID_ISTTZD,0.9991231,9.324496e-05,0.00070314284,8.0498125e-05
ID_JEJIUK,6.2262414e-05,0.99937934,0.00010772407,0.00045067858
ID_IYVHTQ,0.00021963361,9.407617e-05,0.99960244,8.390343e-05
ID_JHDIEV,0.00023682369,0.0075986595,0.00029841234,0.991866
ID_IDTLQJ,0.9996072,6.825031e-05,0.0002654885,5.9145612e-05
ID_JHMOXA,0.9992901,9.413684e-05,0.0005334396,8.24163e-05
ID_IYSRIJ,5.176997e-05,0.9991827,0.00015641128,0.00060920045
ID_JLFTVT,0.000376399,0.003567655,0.00059934746,0.9954566
ID_JIXSST,7.7906894e-05,0.0028642442,8.826144e-05,0.9969695
ID_IXPYEV,5.4869208e-05,0.99906176,0.00010244867,0.00078087964
ID_IJLDZY,0.00012015159,6.334665e-05,0.9997614,5.5233093e-05
ID_IEFQOC,0.0005823894,9.965412e-05,0.9992275,9.041766e-05
ID_JRKXJK,0.00067636085,0.00016978709,0.99900544,0.00014838761
ID_GXAHTP,0.98738384,0.0005083793,0.011662675,0.00044512827
ID_HYWCAO,0.9958499,0.00020135967,0.0037755922,0.00017312451
ID_IXCKHJ,0.9967909,0.00020185867,0.00282788,0.0001793863
ID_JMUPYH,6.8822395e-05,0.9994806,0.000100188285,0.00035049036
ID_JVEFEE,0.000290334,8.662777e-05,0.99954545,7.763576e-05
ID_JLTBFO,6.297759e-05,0.9994834,0.00010346802,0.00035007205
ID_JXCFZG,0.00078061764,0.00014485655,0.9989443,0.00013028513
ID_JUVDVO,0.00014132491,4.9482933e-05,0.9997657,4.34985e-05
ID_JTGTDT,0.00042289746,0.02213635,0.00045268354,0.976988
ID_JXAXIB,5.2841286e-05,0.99937135,0.00010159645,0.00047424488
ID_JUHMAV,7.940257e-05,0.99898875,0.0001322146,0.00079959526
ID_KEJCVV,0.0018404884,0.00017464517,0.99783325,0.00015166256
ID_JXIJHK,6.7764326e-05,0.99912846,0.00010248965,0.00070133666
ID_KGGOYX,0.0020900657,0.00022842544,0.9974762,0.0002053736
ID_HKLNTW,0.9960846,0.0002768108,0.0033967819,0.00024177166
ID_JMGROA,5.6721474e-05,0.99927586,0.00010835713,0.00055898435
ID_JODBGW,0.001171152,0.00024517023,0.99831516,0.00026846075
ID_KAWYYK,0.00015669237,5.4994445e-05,0.99973935,4.893855e-05
ID_KKJRNI,5.9894654e-05,4.5849636e-05,0.9998539,4.02965e-05
ID_JTSIEM,5.23663e-05,0.9993453,0.00010051726,0.00050182315
ID_JUQIPF,0.9927176,0.00029002392,0.006755653,0.00023663796
ID_JOFKPL,0.99906236,0.00010456806,0.0007415912,9.147161e-05
ID_KIGPAK,0.00012460338,0.9978696,0.00017767552,0.0018281551
ID_JNZOKX,0.00015749868,3.9317292e-05,0.9997694,3.3765067e-05
ID_KNUZPA,0.00014481084,9.296955e-05,0.9996807,8.155658e-05
ID_ISPEXV,0.9997077,4.5724937e-05,0.0002071938,3.9369264e-05
ID_KNLXQL,0.0001553264,8.4808686e-05,0.99968576,7.410836e-05
ID_KLRPRZ,0.00011075295,4.43963e-05,0.9998046,4.0311632e-05
ID_KGPLHC,0.000115252646,0.0015974583,0.00012748987,0.9981597
ID_KMJAIJ,0.0017180064,0.00032553467,0.9976813,0.00027507186
ID_KRNXGB,0.00058122503,0.00013631256,0.99916995,0.00011259327
ID_KSJZYW,0.00021248715,7.677432e-05,0.99964315,6.760734e-05
ID_KPMQMU,0.00052500627,0.00012267873,0.99924433,0.0001080257
ID_KCDUYG,0.00022943348,0.00013740521,0.99950886,0.00012427344
ID_HRYIFA,0.99952334,5.7171128e-05,0.0003738196,4.563308e-05
ID_KIQVVD,8.4491185e-05,5.395587e-05,0.9998139,4.767496e-05
ID_KONGKK,7.0001566e-05,0.00041482536,8.439137e-05,0.99943066
ID_KDUBNX,4.7885915e-05,3.0792064e-05,0.999894,2.7322458e-05
ID_KVSAIV,5.883898e-05,0.9995743,9.4263065e-05,0.00027263988
ID_KQZHKZ,0.00019761725,5.725197e-05,0.9996948,5.0258957e-05
ID_KRPYRQ,5.321545e-05,0.99925995,9.270505e-05,0.00059404573
ID_KLVYAP,0.99923456,7.136588e-05,0.0006325698,6.144114e-05
ID_KRHOBX,5.1493436e-05,0.9994184,9.472084e-05,0.00043550663
ID_KYSBXX,8.0588434e-05,7.316639e-05,0.999781,6.516136e-05
ID_KVSMTQ,0.00013494446,0.0013870287,0.00014123411,0.9983367
ID_KYHLUP,6.875918e-05,0.9994744,0.000108411405,0.0003484675
ID_KWOISI,9.0283436e-05,0.99908483,0.00020379643,0.00062107557
ID_KVGOQK,0.00024582574,8.3706786e-05,0.9995961,7.4384705e-05
ID_KZHWLL,0.00015073453,0.003676556,0.000206492,0.99596626
ID_LDRIRX,9.821188e-05,0.00010548362,0.9997035,9.274042e-05
ID_JWOPRN,0.99693024,0.00015971671,0.0027717114,0.0001382498
ID_KZTCIC,6.98424e-05,0.9989127,0.000112024,0.0009054142
ID_JEQRYR,0.0003431766,8.6119675e-05,0.99946946,0.000101296675
ID_KVZAOY,6.0904335e-05,0.000636955,8.4751744e-05,0.9992174
ID_LCBVPJ,0.00012209025,0.00071128,0.00014927148,0.99901724
ID_LDNOVV,8.147168e-05,0.0005866531,0.00010943897,0.9992224
ID_LCRGSC,4.900306e-05,0.999455,0.00011256166,0.00038339195
ID_LFCWWU,4.9545175e-05,0.99956256,7.8234814e-05,0.0003096041
ID_LGKDBX,0.997717,0.00017346331,0.0019583046,0.0001512134
ID_LINAMW,0.00029058062,8.859317e-05,0.999544,7.6785596e-05
ID_LFXTMI,6.5767e-05,0.99878854,0.00011283347,0.0010328114
ID_LINCBY,0.00028051803,5.285489e-05,0.99961984,4.674862e-05
ID_JBBPNR,0.9954206,0.00027691224,0.0040766667,0.00022589209
ID_LGFEKR,5.5829947e-05,0.99955237,8.421376e-05,0.00030757795
ID_LIYLWT,6.297684e-05,0.00049020036,9.9544835e-05,0.9993473
ID_JIFUYY,0.110877715,0.0023508277,0.88475055,0.0020207854
ID_LDNFCA,0.9998542,3.3768767e-05,8.307415e-05,2.8909722e-05
ID_LEYQFD,0.95292056,0.0043450994,0.038938522,0.0037958312
ID_LHOFOL,7.7997654e-05,0.99859446,0.00010211546,0.0012253597
ID_LPZBKI,0.0005954399,0.00014159265,0.99913424,0.00012876466
ID_LLVAJH,0.00091942976,9.053121e-05,0.9989108,7.9250836e-05
ID_KIMKCB,0.0025105681,0.00024580475,0.99699104,0.0002525908
ID_KYILXT,0.8913635,0.00857502,0.092564575,0.0074968436
ID_LLPPYO,7.1078364e-05,0.00048425718,0.00010060511,0.999344
ID_LPMFGH,4.8863883e-05,0.99940825,7.704964e-05,0.00046594735
ID_JCQLQG,0.98405135,0.0006910694,0.0146577135,0.0006000137
ID_KWQHIP,0.00056493375,0.0001097591,0.99922246,0.000102902624
ID_LKQWDV,0.0011544452,0.00030364047,0.99827754,0.0002643501
ID_LQGGAD,0.0005955504,0.000108748245,0.9992008,9.4906485e-05
ID_LUMPGJ,6.524456e-05,0.9991042,0.000100740326,0.00072981097
ID_LJQFWN,6.5074746e-05,0.00039987714,7.470131e-05,0.99946034
ID_LMPJDC,5.942876e-05,0.0003812195,7.293119e-05,0.99948645
ID_LTOUMX,5.481959e-05,0.00037690176,7.528144e-05,0.999493
ID_LRMWEM,5.9198403e-05,0.9995408,8.401296e-05,0.00031589193
ID_LUJSLH,4.744411e-05,0.9996316,7.3427436e-05,0.000247557
ID_KKOBOD,7.7376186e-05,3.3443474e-05,0.9998592,2.9885578e-05
ID_MBFMSB,8.499468e-05,0.9988467,0.00011453137,0.0009537041
ID_LZAUTA,5.5940985e-05,0.00029673282,7.54306e-05,0.9995719
ID_MDTLYS,5.239032e-05,0.99930716,9.1734786e-05,0.00054883596
ID_JCFYTI,6.612706e-05,5.8833066e-05,0.99982154,5.34311e-05
ID_LGZRGZ,7.815706e-05,0.0012083777,0.00013723671,0.9985763
ID_MFXZBJ,0.0010366418,0.00013434625,0.99871063,0.00011842496
ID_MBGIRZ,0.000562719,0.00012496037,0.9992024,0.00010994567
ID_KNZDMP,0.9992615,8.979029e-05,0.0005707013,7.810135e-05
ID_MCXYEF,0.9996686,4.7654095e-05,0.00024509252,3.867565e-05
ID_MGUVTI,8.423119e-05,0.9993779,9.707806e-05,0.00044084628
ID_MDSGOA,0.000109040644,7.1067625e-05,0.9997576,6.2265935e-05
ID_LRVSVW,5.369361e-05,0.9995281,8.997656e-05,0.0003282496
ID_LRWCUV,8.9031084e-05,3.3601456e-05,0.9998474,2.99701e-05
ID_MCMKMO,8.824218e-05,0.99922675,0.00012192904,0.00056310056
ID_JNLKEV,0.9964277,0.00032588714,0.0029793314,0.00026710847
ID_KWBWRZ,0.99938023,9.520855e-05,0.0004466786,7.787355e-05
ID_MGCBZX,0.99984074,4.3227607e-05,8.110725e-05,3.4948695e-05
ID_MMGILS,8.90907e-05,0.0009680882,0.00011261584,0.99883014
ID_MHBSUK,6.597014e-05,0.99949753,9.668916e-05,0.00033986993
ID_LWLEZI,4.9352377e-05,0.9994,9.5246694e-05,0.00045530888
ID_KSRKIN,0.9993068,9.633414e-05,0.000518638,7.833664e-05
ID_MJDAET,6.466398e-05,0.99902564,8.4888496e-05,0.0008247987
ID_MRASAT,0.0007554757,0.00026427925,0.99874175,0.00023855487
ID_MNFODC,5.1922143e-05,0.99928075,8.043352e-05,0.00058687665
ID_MORRXV,5.5228727e-05,0.9994284,7.853178e-05,0.00043782117
ID_MFBQPQ,5.345878e-05,0.9993521,9.001647e-05,0.0005044472
ID_LYLGTW,9.2763585e-05,0.9991503,0.0001442266,0.0006127556
ID_MSKYZF,0.00020361634,9.968785e-05,0.99960554,9.1146816e-05
ID_MNFBKJ,8.534346e-05,0.00052190607,9.557555e-05,0.9992973
ID_MMPFYM,6.534512e-05,0.9992095,0.00010221647,0.00062295276
ID_MPRONQ,8.602859e-05,0.00050987175,0.000103896644,0.9993002
ID_MNOFUX,6.497935e-05,0.99951017,9.2525115e-05,0.0003322214
ID_MIZQYO,5.908746e-05,0.00029648986,7.2635004e-05,0.9995718
ID_MSTDFL,0.00016128519,0.0012350034,0.00017811605,0.9984256
ID_MUKHHA,0.00013666498,6.2242536e-05,0.99974555,5.5511842e-05
ID_MREXLF,5.7012123e-05,0.99942684,9.282962e-05,0.000423337
ID_MUOGLX,0.97479075,0.00043471894,0.024325144,0.00044932915
ID_MUJNJW,0.00028763508,0.0049681063,0.00034008123,0.99440414
ID_MPKKUQ,0.00010451586,0.0006194456,0.00012881568,0.99914724
ID_MUIUQL,0.0003895528,0.000101698526,0.99941933,8.939545e-05
ID_JVLRWQ,0.9931092,0.00035401614,0.0062506944,0.00028605812
ID_MXIYTV,5.729795e-05,0.00040058926,7.000944e-05,0.99947214
ID_NCEMDY,0.00010788099,0.0007669368,0.00019990194,0.9989254
ID_MNKUZR,6.43943e-05,0.99945384,0.00012214597,0.00035971077
ID_MXOEXX,5.973744e-05,0.00079332374,8.564612e-05,0.9990613
ID_NAQYIP,0.00018463847,0.9921621,0.00028606207,0.0073671765
ID_JMFWFN,0.9975559,0.00014951765,0.0021646784,0.00012983206
ID_MSXYUE,6.209083e-05,0.0003508865,6.7083536e-05,0.99951994
ID_MXMLNF,5.3141663e-05,0.00070292235,8.253644e-05,0.9991614
ID_NHJSDJ,0.00076016836,0.00014606265,0.9989654,0.00012840098
ID_NKRJRE,0.0086617535,0.0001846396,0.99099714,0.00015645885
ID_MSTKSW,4.882219e-05,0.99945295,8.437689e-05,0.00041386829
ID_LGFAYI,0.9993556,7.049933e-05,0.0005121224,6.1771236e-05
ID_NLPICA,6.94371e-05,4.51567e-05,0.9998463,3.913363e-05
ID_MZMTYP,5.6327997e-05,0.9994971,8.806142e-05,0.0003584327
ID_NFLKEF,6.9024565e-05,0.0009777439,7.6110424e-05,0.99887705
ID_LYOJXP,7.480768e-05,5.1088533e-05,0.9998277,4.649344e-05
ID_MUGCIL,6.5279506e-05,0.0004609215,8.662201e-05,0.99938726
ID_NGRGOW,6.9173715e-05,0.9991633,0.00011120046,0.0006562622
ID_MSZOIE,0.000107678876,0.00075182435,0.00012913719,0.99901134
ID_NMOUMD,6.538526e-05,0.0006948011,8.0528815e-05,0.99915934
ID_NSTSNW,0.0001211595,4.949941e-05,0.9997861,4.3320346e-05
ID_NFNPRL,8.319511e-05,0.9986577,0.00019203749,0.001067098
ID_NRSIYE,6.303175e-05,0.00037216002,6.972693e-05,0.999495
ID_NMZZMM,0.00013237173,0.0042917808,0.00020731919,0.9953686
ID_NBPVTP,8.361117e-05,0.99853456,0.00014313948,0.0012385808
ID_NDSJDA,0.0006208705,6.7180496e-05,0.9992526,5.9317223e-05
ID_NHYWEN,0.00012609352,0.0024139993,0.00014056292,0.9973194
ID_NNKBRS,0.9992878,0.00012086836,0.00049329514,9.810478e-05
ID_NZBHZD,6.315612e-05,0.00046699145,9.5338575e-05,0.99937457
ID_OGGKXA,0.00012882728,0.0011290985,0.00015011057,0.998592
ID_NMGGYU,0.000104640516,0.99867296,0.00015043779,0.0010719755
ID_NXBDAW,0.9631281,0.0013178814,0.03370871,0.0018453203
ID_NAHDLQ,0.9987545,0.00016345413,0.00094915385,0.00013295266
ID_NJLZUJ,5.0915336e-05,0.99922276,0.00015560671,0.00057072577
ID_NZMCVC,7.9794256e-05,0.99883574,0.00010963234,0.00097479875
ID_MOYCIS,0.0001014663,4.0154584e-05,0.99982226,3.6099027e-05
ID_OLFWUX,0.00024680563,0.00011191498,0.99953985,0.00010133886
ID_JNFGCU,0.00012457356,7.1066e-05,0.9997395,6.4834705e-05
ID_ODOOCR,5.293986e-05,0.9993577,7.86872e-05,0.0005106305
ID_OMVAKT,9.661746e-05,4.4464443e-05,0.99981946,3.9488066e-05
ID_NMPTSC,0.0001180503,0.0019748216,0.00015273971,0.9977544
ID_ORFPYF,9.256887e-05,6.376692e-05,0.9997881,5.554704e-05
ID_OLWSVJ,8.571301e-05,0.00050094526,0.00010505918,0.9993083
ID_OIJPYH,5.168104e-05,0.9994317,8.341922e-05,0.00043316427
ID_OJQATT,7.533199e-05,0.0004523512,9.493278e-05,0.99937737
ID_MFNEMR,0.99923754,8.3889274e-05,0.00061080034,6.7770765e-05
ID_OGBSZV,0.00016557607,0.9924115,0.00025400703,0.007168942
ID_MZJILQ,0.99932605,7.94219e-05,0.0005300201,6.452045e-05
ID_OTIEVR,8.188279e-05,0.000103432954,0.9997233,9.142127e-05
ID_OPISVA,0.9992348,9.243511e-05,0.000597444,7.543281e-05
ID_OHNZBJ,4.9659917e-05,0.99963856,8.6728935e-05,0.0002250591
ID_OTMIGF,0.00022053695,8.628845e-05,0.9996169,7.61955e-05
ID_OGWZDU,0.0002583928,0.9904474,0.00041478156,0.008879347
ID_ORIXUZ,7.511976e-05,0.9994438,0.00010311786,0.00037793955
ID_NTRKRJ,0.95201004,0.0010228858,0.045652527,0.0013145524
ID_OWPRUX,0.0023536854,0.00015179359,0.99736375,0.00013076897
ID_ONFDRI,0.00013220185,0.001177152,0.00018286353,0.99850786
ID_OTMNRG,5.9248327e-05,0.9993634,9.064588e-05,0.000486647
ID_PAIYWE,0.00020026564,9.9265715e-05,0.9996131,8.734107e-05
ID_OTAMKM,9.42469e-05,0.0011152963,0.00015332716,0.9986371
ID_OVVPGU,6.562329e-05,0.00063120516,9.934602e-05,0.9992038
ID_NXWSMB,0.00011424932,0.0008706972,0.00017564051,0.9988395
ID_OPIJCZ,0.00010445407,0.00060074526,0.00016227616,0.9991325
ID_OUKSSJ,6.8925685e-05,0.99946344,9.9898476e-05,0.0003677336
ID_OTVREC,0.9906211,0.0002629629,0.0088816285,0.0002343106
ID_PAOKRA,0.9897288,0.0011048032,0.008178035,0.0009884353
ID_LYDHSX,0.9892663,0.0003612357,0.010055714,0.0003167671
ID_OWQVGA,8.958247e-05,0.998114,0.00014114789,0.0016552506
ID_OJKWLR,0.00029608182,8.789815e-05,0.9995424,7.363157e-05
ID_PBRNDT,6.236472e-05,0.999531,9.00289e-05,0.00031666108
ID_PGOFPW,0.9972645,0.00017073666,0.00241725,0.0001474598
ID_PDGUOD,0.00019395706,0.0034254566,0.00031043336,0.9960702
ID_PBXKUS,0.00010439195,0.0006598082,0.00013604111,0.99909973
ID_PHXPOD,0.00065912196,0.0002118968,0.9989413,0.0001876851
ID_PGFAHM,4.9342634e-05,0.99944365,7.515549e-05,0.0004319076
ID_PCHQSU,4.93596e-05,0.9993987,8.311168e-05,0.00046881632
ID_PGWIWQ,5.7302434e-05,0.99899787,0.00016263938,0.0007821029
ID_LPZTPI,0.9956994,0.00024236963,0.0038615998,0.00019665703
ID_PIJZTT,0.00013139276,0.0010474162,0.00020361811,0.99861753
ID_PLZYXW,0.9963902,0.00017789475,0.0032969776,0.00013491929
ID_PNFCKW,0.0054549095,0.00036525982,0.99389184,0.00028800018
ID_PANQZY,0.9918321,0.00041509318,0.0074153966,0.0003374564
ID_PICJTF,5.1319406e-05,0.9992862,0.0001436085,0.0005189647
ID_PDCTGC,8.437886e-05,0.0007385161,0.00014737336,0.9990298
ID_PLDVLB,4.48673e-05,0.9996637,7.801569e-05,0.00021334874
ID_PKQRMJ,5.808626e-05,0.00035632442,7.978047e-05,0.9995057
ID_PKYMQI,0.99873227,8.6362015e-05,0.0011057262,7.5649805e-05
ID_OVOOFO,0.0001327786,4.877374e-05,0.9997756,4.2946394e-05
ID_NTGAWG,9.868412e-05,5.2278607e-05,0.99980366,4.5324654e-05
ID_OCJFSP,0.99706554,0.0002784321,0.002416676,0.00023924749
ID_OZGWSO,0.00017424737,6.753219e-05,0.9996971,6.111825e-05
ID_PROOUK,4.9822567e-05,0.99945813,7.854735e-05,0.00041352614
ID_PPKBLF,5.3060085e-05,0.9993966,9.142679e-05,0.00045891185
ID_OSGSTN,0.00010713898,7.021816e-05,0.99976003,6.260568e-05
ID_PUMIOI,0.99869204,0.00013389775,0.0010574638,0.00011672699
ID_PSQGYI,0.0006866458,0.3883569,0.0009944354,0.6099621
ID_OMCGWZ,0.989488,0.00035961196,0.009832753,0.0003196487
ID_PBXXTP,0.00010651139,6.046049e-05,0.9997792,5.3874333e-05
ID_PPXPKV,0.0002751679,0.0033595995,0.0003626876,0.99600255
ID_PWDCFX,0.005817416,0.0003416366,0.99357355,0.00026741004
ID_PWBLRE,0.000160251,7.1795956e-05,0.9997047,6.3161984e-05
ID_PSWPIE,5.6900964e-05,0.9990382,9.510952e-05,0.0008097185
ID_PRLKYI,0.0028408973,0.00017107294,0.99683225,0.00015574838
ID_PWPECK,0.00019725537,0.00013861714,0.99953794,0.00012618992
ID_PUHXOV,5.590164e-05,0.99929076,9.011671e-05,0.00056326296
ID_PVGLHK,4.8546248e-05,0.99965537,6.825303e-05,0.0002278377
ID_PVVNGT,4.787528e-05,0.99958485,7.473056e-05,0.00029246177
ID_ORSALM,8.575355e-05,4.948185e-05,0.99982035,4.4406363e-05
ID_PXNHNU,4.5958597e-05,0.99969244,7.306074e-05,0.00018857703
ID_PTTKUH,0.00015842669,9.412812e-05,0.99966204,8.542198e-05
ID_PFCUWV,0.9984371,0.00012978802,0.0013239488,0.00010909462
ID_PVTQFI,5.4811262e-05,0.9995071,8.591812e-05,0.00035208676
ID_QAGXOK,7.3972e-05,0.9991515,0.00010894245,0.00066563673
ID_PVDPOY,4.5985427e-05,0.999663,8.7248016e-05,0.00020378956
ID_PIAMAG,0.9959633,0.00021491348,0.0036444205,0.0001774237
ID_PRKEKM,0.95637786,0.002962147,0.038029026,0.0026309118
ID_QETYTO,6.5291315e-05,0.0003837528,8.486341e-05,0.9994661
ID_QBKVPR,0.00016125347,4.4763823e-05,0.9997549,3.9061277e-05
ID_NTHUOG,0.9882782,0.00045268814,0.010875566,0.0003935777
ID_QKFDBL,5.139234e-05,0.99924517,0.00013407775,0.00056935166
ID_QAYMJX,0.001556956,0.00013445839,0.9981901,0.00011845624
ID_QOCKYY,0.9908923,0.0005316981,0.008086707,0.00048932637
ID_QKHPMH,6.302944e-05,0.9994439,0.00010239213,0.0003906362
ID_QEBWST,5.1417726e-05,0.9994051,8.555325e-05,0.0004579933
ID_PVFOBG,0.00013694214,3.1937856e-05,0.99980325,2.7828628e-05
ID_PPEGDJ,0.9993614,8.3668434e-05,0.00048366416,7.1206014e-05
ID_QHHFWC,5.9407797e-05,0.00038393307,0.00010527015,0.99945146
ID_PWNDLE,5.282386e-05,0.9991814,0.00016233993,0.0006034318
ID_QLOFSU,6.143832e-05,0.00034997246,7.196453e-05,0.99951667
ID_QTBPXG,0.002138032,0.00019596363,0.997492,0.00017395112
ID_QNGYRG,0.9998077,5.5475924e-05,9.1994734e-05,4.4822045e-05
ID_PXYGZV,0.0004932727,0.00022591017,0.999092,0.00018881318
ID_QJPPKT,5.1562605e-05,0.99927014,0.0001638068,0.0005144404
ID_QPQFUP,4.8908834e-05,0.99954826,7.829377e-05,0.0003245404
ID_QLLZQZ,0.00011297659,0.0009020132,0.00016737064,0.9988176
ID_QQBJRO,9.897105e-05,0.0005447678,0.00011287055,0.9992434
ID_QKNHCR,0.00031332104,7.3828836e-05,0.99954796,6.4962645e-05
